AAPL
----
Max: 229.39209 10/3/18
Min: 9.786496 1/20/09
Ave: 85.73478834220965
Dev: 50.509849824129454

IBM
----
Max: 171.212128 3/14/13
Min: 60.258434 1/20/09
Ave: 131.56523779133548
Dev: 24.367799069022816

MSFT
----
Max: 114.200455 10/1/18
Min: 11.810308 3/9/09
Ave: 41.58283087360894
Dev: 25.002016151943145

Highest: AAPL 229.39209 10/3/18
Lowest: AAPL 9.786496 1/20/09