# Table of rabbit pairs
Months, Adults, Babies, Total
1,1,0,1
2,1,1,2
3,2,1,3
4,3,2,5
5,5,3,8
6,8,5,13
7,13,8,21
8,21,13,34
9,34,21,55
10,55,34,89
11,89,55,144
12,144,89,233
13,233,144,377
14,377,233,610
# Cages will run out in month 14
